5000 59072
5100 58237
5200 60660
5300 63339
5400 65445
5500 67458
5600 70090
5700 72575
5800 76565
5900 77901
6000 80968
6100 83459
6200 87629
6300 88944
6400 92611
6500 95086
6600 97797
6700 100549
6800 103770
6900 106481
7000 110478
7100 112503
7200 115649
7300 121464
7400 125259
7500 128184
7600 129045
7700 133874
7800 136772
7900 140249
8000 143360
8100 146941
8200 151563
8300 154882
8400 159476
8500 162973
8600 165666
8700 170741
8800 174405
8900 178880
9000 183033
9100 200335
9200 196596
9300 196010
9400 200045
9500 207594
9600 215426
9700 212448
9800 227533
9900 226546
10000 231567
10100 232718
10200 239239
10300 238907
10400 247076
10500 249610
10600 254644
10700 259686
10800 262836
10900 271287
11000 273323
11100 283003
11200 284792
11300 288487
11400 294040
11500 300513
11600 304763
11700 310400
11800 315804
11900 323930
12000 342584
12100 333295
12200 341057
12300 345151
12400 348916
12500 352112
12600 358162
12700 364818
12800 369937
12900 375709
13000 382522
13100 387694
13200 393913
13300 400250
13400 406204
13500 420675
13600 425557
13700 423570
13800 434449
13900 440281
14000 446904
14100 463087
14200 461883
14300 468024
14400 474474
14500 485301
14600 503771
14700 492795
14800 514779
14900 512035
15000 514115
