5000 59072 56810.6
5100 58237 59047.7
5200 60660 61332.5
5300 63339 63665.1
5400 65445 66045.4
5500 67458 68473.4
5600 70090 70949.1
5700 72575 73472.5
5800 76565 76043.6
5900 77901 78662.5
6000 80968 81329.1
6100 83459 84043.3
6200 87629 86805.3
6300 88944 89615.1
6400 92611 92472.5
6500 95086 95377.7
6600 97797 98330.5
6700 100549 101331
6800 103770 104379
6900 106481 107475
7000 110478 110619
7100 112503 113811
7200 115649 117050
7300 121464 120337
7400 125259 123671
7500 128184 127054
7600 129045 130484
7700 133874 133961
7800 136772 137487
7900 140249 141060
8000 143360 144681
8100 146941 148349
8200 151563 152066
8300 154882 155830
8400 159476 159642
8500 162973 163501
8600 165666 167408
8700 170741 171363
8800 174405 175366
8900 178880 179416
9000 183033 183514
9100 200335 187660
9200 196596 191853
9300 196010 196095
9400 200045 200383
9500 207594 204720
9600 215426 209104
9700 212448 213536
9800 227533 218016
9900 226546 222544
10000 231567 227119
10100 232718 231742
10200 239239 236412
10300 238907 241131
10400 247076 245897
10500 249610 250711
10600 254644 255572
10700 259686 260481
10800 262836 265438
10900 271287 270443
11000 273323 275495
11100 283003 280595
11200 284792 285743
11300 288487 290939
11400 294040 296182
11500 300513 301473
11600 304763 306812
11700 310400 312198
11800 315804 317632
11900 323930 323114
12000 342584 328643
12100 333295 334221
12200 341057 339846
12300 345151 345518
12400 348916 351239
12500 352112 357007
12600 358162 362823
12700 364818 368686
12800 369937 374597
12900 375709 380556
13000 382522 386563
13100 387694 392617
13200 393913 398719
13300 400250 404869
13400 406204 411067
13500 420675 417312
13600 425557 423605
13700 423570 429946
13800 434449 436334
13900 440281 442770
14000 446904 449254
14100 463087 455786
14200 461883 462365
14300 468024 468992
14400 474474 475667
14500 485301 482389
14600 503771 489159
14700 492795 495977
14800 514779 502843
14900 512035 509756
15000 514115 516717
